0.00043484011892691576
0.0013679913981340386
0.002051268333771117
0.0021608477115823144
0.0040570391548565565
0.007375840676302592
0.007527219353117176
0.007588483971015747
0.008231859900936445
0.008238251970747346
0.008762610104896207
0.00952056191392503
0.010507350448474173
0.010637145992505648
0.01115550654800479
0.011160358196757314
0.012108542241524356
0.01246897524137247
0.013837723989648332
0.01720469331367258
0.01924912122952005
0.019423075727784345
0.020166955706859335
0.02128609522668068
0.02134456871159085
0.022079013406220316
0.022744748155807626
0.02298559224460539
0.023798444351985526
0.024007665883885476
0.025269483436644813
0.025435834306940963
0.027708582232598422
0.028827810543719745
0.029533709688888465
0.029818453392562505
0.03033564316769244
0.03148342378305413
0.03182012105093046
0.03277857820682184
0.03438347716007761
0.035464435677897144
0.03806045194521668
0.03936932232236945
0.041194992435126365
0.04224957153041298
0.04234276702010431
0.043440382224218976
0.043656749968603026
0.04497696677969565
0.04529774833383804
0.04538188885583383
0.045459679096604644
0.04709835540457952
0.050621208041559784
0.05207610560300102
0.05333535923103583
0.05455450124912886
0.0558090746165667
0.05606980477211865
0.05678480708275979
0.05743621672988619
0.05795002343099609
0.058082270030275884
0.061553742054100025
0.0617483022633446
0.0655053895092581
0.06575783012163705
0.06702572716650956
0.06735157959463245
0.06897624816245196
0.07038479965271871
0.07046296000528596
0.07259507600186854
0.07481001786819585
0.07508438210601043
0.07569894184544257
0.07881865426192813
0.07984992255665124
0.08006931192229771
0.08119040226271013
0.08143724771678207
0.08238816288225026
0.0834575711768134
0.083720187361223
0.08485035231779858
0.08574728664658937
0.08589287701480697
0.08603842481879775
0.08669556728928207
0.0869797766669429
0.08894782903393716
0.08937978858129592
0.0904603355597049
0.0912746577119169
0.09180973975750173
0.09437689765671764
0.09487801002657903
0.09491805972009038
0.09652888184816821
0.09825524507412386
0.09895015822659381
0.10089766758939889
0.10190749818859346
0.10556487533312764
0.10625569973820381
0.10953810935589181
0.10999727593853048
0.11055508581204476
0.11185988512241096
0.11264826447216181
0.11284360526559523
0.11325266134623291
0.11431012855547174
0.11515991201377507
0.1167311883725306
0.11701308725107495
0.11821591306735191
0.11930599992661828
0.1199129699895598
0.12271504485581974
0.1242322404723577
0.12524770256455475
0.126122627694495
0.1316466466345989
0.1339371228437598
0.13431331777071143
0.13468319125860162
0.13540334383271357
0.13685802986527063
0.13932118132093685
0.13935310641411147
0.14093328906461156
0.14095514019822686
0.14476748432683273
0.14489120781657439
0.14593119025722168
0.14857293070786148
0.1499739481385428
0.15067458105994236
0.15264828012480403
0.15303635012534633
0.15609422557875285
0.1572037044522815
0.15745793861367774
0.15777950527682105
0.1578645217568876
0.15836159221128776
0.15862002441544
0.15908823225511548
0.15946798252583805
0.15964201235901732
0.16076764550661737
0.16263549269992084
0.16301565593291267
0.16391090432038347
0.16498454997659762
0.16953362858123222
0.16993697692301013
0.1716767762535154
0.17236289985878228
0.17255507769605416
0.17585648385531838
0.17623727995961014
0.17673241394024675
0.17974206464921882
0.17993827485016045
0.18095526861471833
0.18120931661673845
0.18261952939906134
0.18383363188355828
0.18446011915980864
0.18552388337638703
0.18669827640761982
0.1882529691452446
0.1907585265416455
0.1913607022758088
0.19140710325371246
0.1914303442594536
0.19212038678093202
0.1926080430477285
0.1936979659587449
0.19522958925692613
0.19678225792609993
0.19745814727325872
0.19812243371036442
0.19933054414704687
0.20060774000617976
0.20328654164654658
0.20611659049067155
0.20799767960642268
0.20836841634348635
0.20867615868402944
0.20935051789976744
0.21136862883163887
0.21357661634696545
0.21391376674924145
0.21480215472687236
0.2149473490853021
0.2151893741135429
0.21617389700622014
0.21645853429585027
0.21649779612530384
0.21742292973649957
0.21831069558680483
0.218422593763688
0.2189838948853371
0.22014803554971019
0.2210148100916568
0.22332533412041855
0.22418958423243296
0.2252405165378505
0.22611173720701472
0.2269289503800599
0.22773888539325848
0.22780038795331325
0.22836388674357122
0.23062016226992343
0.23104249391629172
0.23111341440273114
0.23136168053699202
0.23605014737025776
0.2372802160516544
0.2388653976996794
0.23916289458882212
0.23959618461373344
0.24004103869492166
0.24152374754053563
0.24219346620357318
0.24257935789393492
0.24330854037423522
0.24524135987326634
0.24650739442772995
0.24729137623936903
0.24906428324248986
0.2495174607347873
0.2514260222610667
0.2514979113315663
0.25232262723900234
0.25304583719722773
0.2533201569905502
0.25361248238013645
0.2539929854064924
0.2545198352867911
0.255559604440335
0.2561404958244231
0.2570999900815055
0.25779847141529866
0.2579798854648503
0.25887622915235875
0.2594091518649563
0.26073575328959964
0.26162509977491566
0.26315084480033
0.26414389827495466
0.266021905534534
0.26707222917654216
0.26798281526669177
0.2681325878134334
0.26900061151169163
0.2690415479785728
0.26938630094709826
0.27011494780437917
0.27093336439278026
0.27247582344101806
0.2725690523625167
0.27301832973973805
0.2741622717260518
0.27447099241279327
0.275606741093565
0.27636558602518213
0.2777519232214418
0.2807976950519052
0.2819456749950352
0.2835211671623298
0.28363765465253
0.2845536901263348
0.28492468587222386
0.2856209858055442
0.28602834919773923
0.28685354241011984
0.28762673426131713
0.28904813705439136
0.2908027861606912
0.2912201670941166
0.2913124555523293
0.293055695836284
0.2931001238191483
0.29337534905023666
0.2938525721995209
0.29445318755981564
0.29472767561490676
0.29500924921496663
0.29635555745427244
0.2978605294258866
0.30051568954713537
0.3017204574279675
0.303869549173985
0.3047565109590685
0.3053006970325389
0.3056965406536608
0.30663337793898293
0.3074158464710063
0.30762030322421774
0.3084530019857489
0.3100437381736969
0.3113067586349456
0.31285340141186246
0.3131305924768678
0.31315064912564017
0.315263058195982
0.31531822853396163
0.3162872564954998
0.31719871730893556
0.3172947749642745
0.3173269701075093
0.32104910538195897
0.3221635605897527
0.3222010130178249
0.3270814363470518
0.32718951167900656
0.32738267918247366
0.3280762352116594
0.3281085694980521
0.3285421896994746
0.33248879618396576
0.33368389715116253
0.33392420119330135
0.335839325070597
0.33693402327383093
0.3378138841072612
0.3385361710107957
0.33947873301863785
0.34015946905940764
0.34071772405646583
0.34127236645450976
0.3425167234416735
0.34264652470983725
0.3433631215699221
0.3456700330526544
0.34633750705547983
0.34635726389229193
0.3465685068278783
0.347495781627726
0.348360044247368
0.3493449307997507
0.35081700365546364
0.35127192224495907
0.3550141149634779
0.3565771243366712
0.35699250435606444
0.3573926929437302
0.357998404472054
0.3584374436763006
0.36183871424737024
0.3638332947947289
0.3644154089555479
0.36493547723740294
0.36507176234919037
0.36651007628362764
0.3679745213727468
0.36821550225318067
0.36846070016165466
0.36916512041254157
0.37079506161692677
0.3743717185030909
0.3781766971454731
0.3787895810905293
0.3794969199824937
0.3817747136485463
0.383334874010421
0.38374865625330434
0.3863320128951937
0.38644022475484174
0.38650972727007715
0.3891194122524483
0.3901032023124732
0.3914083858917232
0.3932430142840323
0.3936072443182861
0.3940548072613592
0.39447062412319456
0.39886037036262656
0.4014804896706681
0.40219588310779275
0.402850595110367
0.4035888314803736
0.40445745218405693
0.4048728846523104
0.40732401173320254
0.4074606569391839
0.4095307772043424
0.4096587693658833
0.4120584052011166
0.4147232421668102
0.4149080243589067
0.4157878285059272
0.41695733015056025
0.4190343080158806
0.4196221529608244
0.4198225048518024
0.42191661174921824
0.4226326044008034
0.4236962923073514
0.42492287509842275
0.425622434217644
0.4261961224394547
0.4264331847109156
0.4267175209523052
0.4274036916301399
0.4278647074064139
0.42986631326758273
0.4311709264471817
0.43222703519462957
0.43344665220997647
0.4339761690851087
0.4364923986779996
0.43689899816315414
0.43754667005906256
0.4385168306266024
0.4395108001118555
0.44013778513645585
0.44188964018252774
0.44298821848108894
0.443518058684933
0.4438830386763808
0.44632163728713103
0.4477715446110516
0.44806226096004054
0.44919796055760697
0.451724316679885
0.4520578934405626
0.4530171491975865
0.45384054232608917
0.4543106782981101
0.4544631933885338
0.454789387536926
0.4548486542128155
0.46153756118736455
0.4618553877182099
0.461893034893301
0.462137522170594
0.46242137497651903
0.46309597843920713
0.46332760661547534
0.4638059950914424
0.46508126779206416
0.46733537159738414
0.468350089309608
0.4715004536724968
0.47159625817010065
0.4721073613222847
0.4727889979287285
0.47368972442824686
0.47476688540120116
0.47566851757533357
0.47614949073922397
0.4765877801838194
0.4775623679472615
0.47789659383710914
0.47797356588886264
0.4787002767964825
0.4790659020949941
0.4811429782371006
0.48453094397261043
0.48582856425981924
0.48704072892429984
0.4935215565817752
0.49354131068094076
0.49372687443474494
0.4940259919961635
0.4943893467007142
0.49683295979417963
0.4980463189928215
0.49809862015954565
0.5003643494791699
0.5014536463899744
0.5042151485803724
0.5044924837516065
0.5046776694699894
0.505436260087336
0.5057986141376036
0.5061828655607934
0.5063042729465274
0.5088271412652514
0.5091127396662656
0.510399651545968
0.5126764400515361
0.513164010676376
0.5139815904366302
0.514269908489418
0.5150368551004053
0.5155024864557948
0.5165554887039364
0.5171663038061176
0.5172572653742148
0.5177493298337054
0.5179632277720245
0.5180721129533358
0.5193133572362131
0.5208986053955071
0.5211894251593082
0.5229004998848699
0.5244459679469539
0.5247125537782432
0.5260912147627853
0.5275592854833876
0.5277186692977762
0.5293964776449448
0.5310043679740091
0.531575532753963
0.5322436863155623
0.5335815872359018
0.5338831793441444
0.5341076675721811
0.534528906620334
0.5355404408642793
0.5357406740714866
0.5375282157230123
0.5397826430731337
0.5414749440865397
0.5426755871955057
0.5429202282813897
0.5463800095472937
0.5472112434961902
0.5484107718672186
0.5493082455799302
0.5502983579682909
0.5509194145391942
0.5515213969650306
0.5518368600265925
0.5529764924493142
0.5543512370432879
0.5544551377804493
0.555958701964217
0.5586345658125171
0.559909165625097
0.56014699296912
0.5618055209052593
0.5630326627890393
0.564314313466348
0.5655880911288526
0.5657554902741444
0.5660837295006527
0.567276342237312
0.5673476880640362
0.5678860146581688
0.5681663537247565
0.5696270427112102
0.5698534320633079
0.5734914172773873
0.5745803792202779
0.5772651018002436
0.5792849506609971
0.5810424558397977
0.5810502661821494
0.5824462568568142
0.582786014809354
0.5838150058162769
0.5841722222619551
0.5850961587344162
0.5857688835411098
0.5887090428802063
0.5888345088068365
0.5917974942607519
0.5928544228178735
0.5935224354261315
0.5944939237633221
0.5950530366138419
0.5957770930543789
0.5973217243171717
0.5974470196956752
0.5976447036443877
0.5987968630685927
0.5990530807806326
0.5999139254267851
0.6001194162587513
0.6033007546507884
0.6039272516992037
0.6053160795212825
0.6075159568286874
0.6115017734832556
0.6115250664149162
0.6117971427036603
0.6145307324159853
0.6147381306947196
0.6156982645014077
0.6180787881245019
0.6181379118032067
0.6181888719951303
0.618305838733029
0.621117185513334
0.6213587771500044
0.6215087911823133
0.6219839065684495
0.6241560965952361
0.6261136436523929
0.6281484624067503
0.628920370798686
0.628978146890983
0.6295569265119638
0.6306583041517209
0.6308330503488093
0.6312179903202403
0.6318862229336532
0.6324015585346386
0.6327612834238692
0.6328766961766392
0.6336754058967211
0.6338486519231687
0.6354236925428002
0.6354892647113132
0.6356130177428911
0.6377083232492234
0.6385005492396103
0.6387016605038995
0.6387707593250047
0.6394645000555826
0.6425377571336114
0.6458411083081214
0.6460432679562028
0.6469356596704094
0.647873781565906
0.6479551333601349
0.6482775614451346
0.648484579553171
0.6498473511204265
0.6500053420182788
0.6500082182718286
0.6500917585628745
0.6519343183568268
0.6524255313850859
0.6525798347237584
0.6533096715551461
0.6536416773663499
0.6537020040703244
0.6557022520895168
0.65797278190977
0.6585451025885771
0.6601684637860062
0.660493561621353
0.6609325693696927
0.6635004763897904
0.6647212251990848
0.6651414971646122
0.6661767084462933
0.6663665752740839
0.6757470209838609
0.676169752528562
0.676481456355529
0.6765411216883508
0.6765565978273382
0.6785214083855247
0.6790362775465364
0.680035071425036
0.6803681670428138
0.6814078372890326
0.6814941388421533
0.6816666254151338
0.6817911743705372
0.6831519855092894
0.6855541964517422
0.6860149520772404
0.6864807152623479
0.6865469154590885
0.6872781454810366
0.6883745735867715
0.6902840067816773
0.6929908470023655
0.6940516228624918
0.6943575071167262
0.6947283783654397
0.6956603197466088
0.6961227782350132
0.6968108978393216
0.6978345920264433
0.6981911402307289
0.698381485576608
0.6998720828381313
0.7022003967019339
0.7041404447381352
0.7041666768929262
0.7048119967952046
0.7051978577617966
0.710653476888669
0.7112482060463571
0.7129279064116506
0.7135694551391351
0.7139605290264672
0.7143138409430482
0.7166748820882455
0.718154288709745
0.7181967863960071
0.720123362295268
0.7202046568522582
0.7230534558661161
0.723375380042525
0.7235679413509274
0.7235785712435934
0.7244150070311158
0.7289638738488567
0.7299743813198902
0.7338025061803756
0.7340873318871185
0.735093084591147
0.7354175110605614
0.7374915104533569
0.737852673081635
0.7382931094368741
0.7391361761376842
0.7392213845086836
0.7395135776777693
0.7407553462354578
0.7413033301571266
0.7432815355551219
0.744570354040107
0.7449994831011659
0.7456209588415094
0.7464154341998634
0.7466614217618
0.7469584558402749
0.7491490672107013
0.7498695230301452
0.7512291254610038
0.7514127632597395
0.7533810629587075
0.7538125991971787
0.7545002593671557
0.7546388965908971
0.7550965355065243
0.7551411223276672
0.7563069562790341
0.756459179905539
0.7565717299165797
0.7570923681384829
0.7575830403667716
0.7584104256693064
0.7588903710506951
0.7597193875686953
0.7600040344779145
0.7602275244228976
0.7607028705151633
0.761006218419699
0.765435091220285
0.7655153345779969
0.7688204200429781
0.7696397248605177
0.7708055387953289
0.7708538992264302
0.7711840428499548
0.772995357198982
0.7730003591302197
0.7736008045545905
0.7739837107058065
0.7756163637824107
0.7756194261351814
0.7770752672103651
0.7771568883646502
0.7783361680858919
0.778633320901096
0.7804731889241595
0.7809990509042634
0.782580819861673
0.7847330617875424
0.7862072953375236
0.7862414447454142
0.786477340450175
0.7866584902195645
0.7869456341914737
0.78733428563794
0.7874130578161637
0.7885870411923838
0.7890600380048038
0.7898041025033297
0.7902385206417938
0.7919428355665925
0.7949199929193332
0.7956719488050411
0.79645804738939
0.7980232835102219
0.8015267104601022
0.8028787273473403
0.8031692283378847
0.8047795644556709
0.8052212784928521
0.8054318297842934
0.8059074535682408
0.806297406919302
0.8065286467873573
0.8102632454352121
0.8102908642486121
0.8109583130522147
0.812049426524322
0.8123041420244442
0.8133868267778592
0.8135797676356957
0.8149549637830105
0.8150249373879981
0.8152249576967606
0.8161068872336127
0.8170901421723389
0.8200801525404304
0.8211323530763989
0.8216015657388133
0.8230049376545797
0.8231102417909891
0.8252404577600475
0.8265916698095842
0.8270919665388557
0.827209367319011
0.8277087877737063
0.8282546716046187
0.8286631462630344
0.8305156222493508
0.8309128601300141
0.8311298943078772
0.8328354691645438
0.8332071565170972
0.8345073894295306
0.8357275494009229
0.836355853376668
0.8390511523037504
0.8396207398098036
0.8401186548670094
0.8416060938134724
0.8427118025470433
0.8484057748172912
0.8498143834748849
0.8505059680795185
0.8505246505621206
0.850824825601903
0.8512140311730156
0.8537786855672952
0.854432942672643
0.8544485454532853
0.8554543405658939
0.8556460365438762
0.8558743673017699
0.8585335012720379
0.8589196602621247
0.8590209633582957
0.8591447318463409
0.8595763388408282
0.8607937231407892
0.8610349958891034
0.8612523741940273
0.8613821861805916
0.8616630454229897
0.8619115027394554
0.8642457562236235
0.8653474480467654
0.8660485631786762
0.8662814992919494
0.866405110925338
0.8675203567434039
0.8680496256697738
0.869127811473354
0.8699723536051024
0.8700733035918954
0.8704299559416354
0.8711558961919662
0.8725035700556619
0.8729592243943873
0.8750348015152221
0.8752443398898013
0.8752551736955724
0.8753750006943091
0.8755063655540716
0.8766095605298073
0.8769458218867816
0.8778015197801149
0.8799454728296805
0.880389751563918
0.8804614598739421
0.8815290417734736
0.8820416617598378
0.8822709100390447
0.8830213836671496
0.8834567095968165
0.8841025123105876
0.8843544543566797
0.8847256263147121
0.8858703806750831
0.8863297659522801
0.8892802370964402
0.8894648520037763
0.8901908712548269
0.890617156994807
0.8915748615330509
0.894343691856495
0.8948154954568757
0.8963280416714698
0.8969932541612092
0.8971654229873564
0.8972504720824462
0.8984189222240915
0.8991627944049058
0.8995889489767271
0.9003427695925591
0.90281254520031
0.9050509307087402
0.906784951195837
0.9097006250065192
0.9097789412869016
0.9098883105495466
0.9099284709031089
0.9130397647401923
0.9130573580690126
0.9138567704759402
0.9142343453991806
0.9144209279753969
0.915610900736136
0.9161196885373993
0.9175046461314863
0.9181735952644039
0.9190185120401312
0.9193121565543485
0.9198492319385809
0.9215298743275323
0.9215914776034098
0.9233340271096978
0.9245404170934733
0.9249921270806041
0.9263228182626725
0.9267825523160036
0.9268644851173363
0.9278177099094563
0.9284408617948406
0.928604103546519
0.9286774398160078
0.9306931368274769
0.9311433627730693
0.9320634956895685
0.9323397103090243
0.9331247206255358
0.9345137576872176
0.9358464844417292
0.9390390985041747
0.9399317104366944
0.9422709047947234
0.9433068265875465
0.9455228141185632
0.9458593895001304
0.946232601913194
0.9463333871235592
0.9474590305020347
0.9487391078424472
0.949169156010286
0.9499298883759147
0.9504931900558322
0.9509111949653083
0.952475232280997
0.9525004009762826
0.9535152861601837
0.9541481819715184
0.9554502814653323
0.955606638844592
0.9583165954681849
0.9584297604147904
0.9595867590805931
0.9611798178138009
0.961568420819599
0.9620448349111845
0.9624636619356802
0.963374877750104
0.9636439687684999
0.9648990667746765
0.9651725032895451
0.9656038518894225
0.9661304426630265
0.9666086860219582
0.9682839243039214
0.9710122269783831
0.9726848933992046
0.972763583038738
0.9746638643280445
0.9762164041525017
0.9765728727851357
0.9771594970072662
0.9775684539826527
0.9784853554200308
0.9785057219620404
0.9787701746124934
0.9798427527360364
0.9799394505240623
0.9799688763839906
0.9805338524116405
0.9806493078575452
0.9823977214029512
0.9827999151553354
0.983273240491525
0.983556904224558
0.984323823412209
0.9863086529363408
0.986627262007623
0.9880759865015253
0.9889613673395519
0.9926135961751006
0.993081977351972
0.9973536600117741
