         1 = 00000000 00000000 00000000 00000001
         2 = 00000000 00000000 00000000 00000010
         4 = 00000000 00000000 00000000 00000100
         8 = 00000000 00000000 00000000 00001000
        16 = 00000000 00000000 00000000 00010000
        32 = 00000000 00000000 00000000 00100000
        64 = 00000000 00000000 00000000 01000000
       128 = 00000000 00000000 00000000 10000000
       256 = 00000000 00000000 00000001 00000000
       512 = 00000000 00000000 00000010 00000000
      1024 = 00000000 00000000 00000100 00000000
      2048 = 00000000 00000000 00001000 00000000
      4096 = 00000000 00000000 00010000 00000000
      8192 = 00000000 00000000 00100000 00000000
     16384 = 00000000 00000000 01000000 00000000
     32768 = 00000000 00000000 10000000 00000000
     65536 = 00000000 00000001 00000000 00000000
    131072 = 00000000 00000010 00000000 00000000
    262144 = 00000000 00000100 00000000 00000000
    524288 = 00000000 00001000 00000000 00000000
   1048576 = 00000000 00010000 00000000 00000000
   2097152 = 00000000 00100000 00000000 00000000
   4194304 = 00000000 01000000 00000000 00000000
   8388608 = 00000000 10000000 00000000 00000000
 134123473 = 00000111 11111110 10001111 11010001
1546836908 = 01011100 00110010 11011011 10101100
1477429886 = 01011000 00001111 11001010 01111110
3871639501 = 11100110 11000100 10000111 11001101
2700689126 = 10100000 11111001 00111110 11100110
 209370754 = 00001100 01111010 10111110 10000010
 797420978 = 00101111 10000111 10101101 10110010
 533822748 = 00011111 11010001 01111101 00011100
3540450929 = 11010011 00000110 11111110 01110001
2556268390 = 10011000 01011101 10001111 01100110
 995346181 = 00111011 01010011 11000111 00000101
3526927976 = 11010010 00111000 10100110 01101000
1189261788 = 01000110 11100010 10110001 11011100
 977688599 = 00111010 01000110 01011000 00010111
3403939620 = 11001010 11100011 11111111 00100100
2506746428 = 10010101 01101001 11101010 00111100
1968908672 = 01110101 01011011 00101001 10000000
 877627416 = 00110100 01001111 10001000 00011000
 672975679 = 00101000 00011100 11001011 00111111
3703021961 = 11011100 10110111 10100001 10001001
 706850607 = 00101010 00100001 10101111 00101111
1352958916 = 01010000 10100100 10000011 11000100
 635244672 = 00100101 11011101 00010000 10000000
 644943580 = 00100110 01110001 00001110 11011100
1427603280 = 01010101 00010111 01111111 01010000
2139394214 = 01111111 10000100 10010000 10100110
3170909143 = 10111101 00000000 00111011 11010111
2547029197 = 10010111 11010000 10010100 11001101
1050095694 = 00111110 10010111 00110000 01001110
 362263303 = 00010101 10010111 10110011 00000111
1912836608 = 01110010 00000011 10010010 00000000
  99770303 = 00000101 11110010 01011111 10111111
2128784434 = 01111110 11100010 10101100 00110010
1329287367 = 01001111 00111011 01010000 11000111
 174193598 = 00001010 01100001 11111011 10111110
3995039429 = 11101110 00011111 01110110 11000101
1615110286 = 01100000 01000100 10100000 10001110
  24489328 = 00000001 01110101 10101101 01110000
1613353575 = 01100000 00101001 11010010 01100111
 604268514 = 00100100 00000100 01100111 11100010
  50235549 = 00000010 11111110 10001000 10011101
1419547528 = 01010100 10011100 10010011 10001000
2290380965 = 10001000 10000100 01110000 10100101
1915356021 = 01110010 00101010 00000011 01110101
2416620967 = 10010000 00001010 10110101 10100111
 682409766 = 00101000 10101100 10111111 00100110
2938080121 = 10101111 00011111 10001011 01111001
 863623923 = 00110011 01111001 11011010 11110011
2253126058 = 10000110 01001011 11111001 10101010
1293213127 = 01001101 00010100 11011101 11000111
3907295107 = 11101000 11100100 10010111 10000011
 587167446 = 00100010 11111111 01110110 11010110
 456841270 = 00011011 00111010 11011000 00110110
 244332386 = 00001110 10010000 00110111 01100010
1147846274 = 01000100 01101010 10111110 10000010
2360506324 = 10001100 10110010 01110111 11010100
1320837528 = 01001110 10111010 01100001 10011000
 584733881 = 00100010 11011010 01010100 10111001
3126077718 = 10111010 01010100 00101001 00010110
1847924564 = 01101110 00100101 00010111 01010100
2679970874 = 10011111 10111101 00011100 00111010
2630235889 = 10011100 11000110 00110110 11110001
2341445835 = 10001011 10001111 10100000 11001011
1672854301 = 01100011 10110101 10111011 00011101
3607404617 = 11010111 00000100 10100000 01001001
 416871524 = 00011000 11011000 11110100 01100100
2474888794 = 10010011 10000011 11001110 01011010
3717828687 = 11011101 10011001 10010000 01001111
2496448920 = 10010100 11001100 11001001 10011000
2486226613 = 10010100 00110000 11001110 10110101
 414816297 = 00011000 10111001 10011000 00101001
2734776727 = 10100011 00000001 01100001 10010111
3487409091 = 11001111 11011101 10100011 11000011
2323584549 = 10001010 01111111 00010110 00100101
2079286547 = 01111011 11101111 01100101 00010011
 804854943 = 00101111 11111001 00011100 10011111
1049457816 = 00111110 10001101 01110100 10011000
3446435365 = 11001101 01101100 01101110 00100101
2480359278 = 10010011 11010111 01000111 01101110
3216358082 = 10111111 10110101 10111010 11000010
1458473137 = 01010110 11101110 10001000 10110001
2636400428 = 10011101 00100100 01000111 00101100
2539541577 = 10010111 01011110 01010100 01001001
2416738569 = 10010000 00001100 10000001 00001001
3103434340 = 10111000 11111010 10100110 01100100
2285740489 = 10001000 00111101 10100001 11001001
3246107381 = 11000001 01111011 10101010 11110101
 118082385 = 00000111 00001001 11001011 01010001
 373836512 = 00010110 01001000 01001010 11100000
2114219771 = 01111110 00000100 01101110 11111011
2892624070 = 10101100 01101001 11110000 11000110
1078777547 = 01000000 01001100 11010110 11001011
 351540624 = 00010100 11110100 00010101 10010000
3666354624 = 11011010 10001000 00100001 11000000
 387335451 = 00010111 00010110 01000101 00011011
 942751657 = 00111000 00110001 00111111 10101001
4046128578 = 11110001 00101011 00000101 11000010
1829324267 = 01101101 00001001 01000101 11101011
4206621082 = 11111010 10111011 11110001 10011010
1445340694 = 01010110 00100110 00100110 00010110
1483239053 = 01011000 01101000 01101110 10001101
